000000000000000000000000000000000000000000000000000000000000000000000000000000000000000000000000000000000000000000
000000000000000000000000000000000000000000000000000000000000000000000000000000000000000000000000000000000000000000
000000000000000000000000000000000000000000000000000000000000000000000000000000000000000000000000000000000000000000
000000000000000000000000000000000000000000000000000000000000000000000000000000000000000000000000000000000000000000
000000000000000000000000000000000000000000000000000000000000000000000000000000000000000000000000000000000000000000
000000000000000000000000000000000000000000000000000000000000000000000000000000000000000000000000000000000000000000
000000000000000000000000000000000000010000000000000000000000000000000000000000000000000000000000000000000000000000
000000000000000000000000000111110011101100000000000000000000000000000000000000000000000000000000000000000000000000
000000000000000000000000001000001100000010000000000000000000000000000000000000000000000000000000000000000000000000
000000000000000000000001010000000000000001000000000000000000000000000000000000000000000000000000000000000000000000
000000000000000000000010100000000000000000100000000000000000000000000000000000000000000000000000000000000000000000
000000000000000000000100000000000000000000010000000000000000000000000000000000000000000000000000000000000000000000
000000000000000000000100000000000000000000001000000000000000000000000000000000000000000000000000000000000000000000
000000000000000000011000000000000000000000000110000000000000000000000000000000000000000000000000000000000000000000
000000000000000000100000000000000000000000000001000000000000000000000000000000000000000000000000000000000000000000
000000000000000001000000000000000000000000000000100000000000000000000000000000000000000000000000000000000000000000
000000000000000010000000000000000000000000000000010000000000000000000000000000000000000000000000000000000000000000
000000000000000100000000000000000000000000000000001000000000000000000000000000000000000000000000000000000000000000
000000000000011000000000000000000000000000000000000100000000000000000000000000000000000000000000000000000000000000
000000000001100000000000000000000000000000000000000100000000000000000000000000000000000000000000000000000000000000
000000000010000000000000000000000000000000000000000100000000000000000000000000000000000000000000000000000000000000
000000000100000000000000000000000000000000000000000100000000000000000000000000000000000000000000000000000000000000
000000111000000000000000000000000000000000000000000100000000000000000000000000000000000000000000000000000000000000
000000100000000000000000000000000000000000000000000100000000000000000000000000000000000000000000000000000000000000
000000100000000000000000000000000000000000000000000100000000000000000000000000000000000000000000000000000000000000
000000100000000000000000000000000000000000000000000100000000000000000000000000000000000000000000000000000000000000
000000100000000000000000000000000000000000000000000100000000000000000000000000000000000000000000000000000000000000
000000100000000000000000000000000000000000000000000100000000000000000000000000000000000000000000000000000000000000
000000100000000000000000000000000000000000000000000100000000000000000000000000000000000000000000000000000000000000
000001000000000000000000000000000000000000000000000100000000000000000000000000000000000000000000000000000000000000
000001000000000000000000000000000000000000000000000100000000000000000000000000000000000000000000000000000000000000
000001000000000000000000000000000000000000000000000100000000000000000000000000000000000000000000000000000000000000
000001000000000000000000000000000000000000000000001000000000000000000000000000000000000000000000000000000000000000
000001000000000000000000000000000000000000000000001000000000000000000000000000000000000000000000000000000000000000
000010000000000000000000000000000000000000000000010000000000000000000000000000000000000000000000000000000000000000
000010000000000000000000000000000000000000000000010000000000000000000000000000000000000000000000000000000000000000
000010000000000000000000000000000000000000000000001000000000000000000000000000000000000000000000000000000000000000
000010000000000000000000000000000000000000000000001000000000000000000000000000000000000000000000000000000000000000
000010000000000000000000000000000000000000000000001000000000000000000000000000000000000000000000000000000000000000
000010000000000000000000000000000000000000000000000100000000000000000000000000000000000000000000000000000000000000
000010000000000000000000000000000000000000000000000010000000000000000000000000000000000000000000000000000000000000
000010000000000000000000000000000000000000000000000010000111100000000000000000000000000000000000000000000000000000
000010000000000000000000000000000000000000000000000001111000010000000000000000000000000000000000000000000000000000
000010000000000000000000000000000000000000000000000000000000001000000000000000000000000000000000000000000000000000
000010000000000000000000000000000000000000000000000000000000000100000000000000000000000000000000000000000000000000
000001111100000000000000000000000000000000000000000000000000000011110000000001111110000000000000000000000000000000
000000000010000000000000000000000000000000000000000000000000000000001111111110000001111000000000000000000000000000
000000000001000000000000000000000000000000000000000000000000000000000000000000000000000111000000000000000000000000
000000000001000000000000000000000000000000000000000000000000000000000000000000000000000000111000000000000000000000
000000000000100000000000000000000000000000000000000000000000000000000000000000000000000000000111000000000000000000
000000000000100000000000000000000000000000000000000000000000000000000000000000000000000000000000110000000000000000
000000000000010000000000000000000000000000000000000000000000000000000000000000000000000000000000001111000000000000
000000000000001000000000000000000000000000000000000000000000000000000000000000000000000000000000000000111110000000
000000000000000100000000000000000000000000000000000000000000000000000000000000000000000000000000000000000001000000
000000000000000100000000000000000000000000000000000000000000000000000000000000000000000000000000000000000001000000
000000000000000100000000000000000000000000000000000000000000000000000000000000000000000000000000000000000000100000
000000000000000100000000000000000000000000000000000000000000000000000000000000000000000000000000000000000000100000
000000000000001000000000000000000000000000000000000000000000000000000000000000000000000000000000000000000000100000
000000000000110000000000000000000000000000000000000000000000000000000000000000000000000000000000000000000000100000
000000000001000000000000000000000000000000000000000000000000000000000000000000000000000000000000000000000000100000
000000000000100000000000000000000000000000000000000000000000000000000000000000000000000000000000000000000001000000
000000000000010000000000000000000000000000000000000000000000000000000000000000000000000000000000000000000001000000
000000000000010000000000000000000000000000000000000000000000000000000000000000000000000000000000000000000001000000
000000000000010000000000000000000000000000000000000000000000000000000000000000000000000000000000000000000001000000
000000000000010000000000000000000000000000000000000000000000000000000000000000000000000000000000000000000010000000
000000000000001000000000000000000000000000000000000000000000000000000000000000000000000000000000000000000010000000
000000000000001000000000000000000000000000000000000000000000000000000000000000000000000000000000000000000100000000
000000000000001000000000000000000000000000000000000000000000000000000000000000000000000000000000000000000100000000
000000000000001000000000000000000000000000000000000000000000000000000000000000000000000000000000000000001000000000
000000000000001000000000000000000000000000000000000000000000000000000000000000000000000000000000000000010000000000
000000000000000100000000000000000000000000000000000000000000000000000000000000000000000000000000000001100000000000
000000000000000100000000000000000000000000000000000000000000000000000000000000000000000000000000000010000000000000
000000000000000100000000000000000000000000000000000000000000000000000000000000000000000000000000000100000000000000
000000000000000010000000000000000000000000000000000000000000000000000000000000000000000000000000001000000000000000
000000000000000001100000000000000000000000000000000000000000000000000000000000000000000000000000110000000000000000
000000000000000000011000000000000000000000000000000000000000000000000000000000000000000000000001000000000000000000
000000000000000000000110000000000000000000000000000000000000000000000000000000000000000000000010000000000000000000
000000000000000000000001100000000000000000000000000000000000000000000000000000000000001111111100000000000000000000
000000000000000000000000011000000000000000000000000000000000000000000000000000000000010000000000000000000000000000
000000000000000000000000000111000000000000000000000000000000000000000000000000000000100000000000000000000000000000
000000000000000000000000000000110000000000000000000000000000000000000000000000000000100000000000000000000000000000
000000000000000000000000000000001100000000000000000000000000000000111111000000000001000000000000000000000000000000
000000000000000000000000000000000011000000000000000000000000000001000000100000000010000000000000000000000000000000
000000000000000000000000000000000000100000000000000000000000000110000000011111011100000000000000000000000000000000
000000000000000000000000000000000000011000000000000000000000001000000000000000100000000000000000000000000000000000
000000000000000000000000000000000000000100000000000000000000010000000000000000000000000000000000000000000000000000
000000000000000000000000000000000000000011000000000000000000100000000000000000000000000000000000000000000000000000
000000000000000000000000000000000000000000100000000000000001000000000000000000000000000000000000000000000000000000
000000000000000000000000000000000000000000010000000000000010000000000000000000000000000000000000000000000000000000
000000000000000000000000000000000000000000010000000000000100000000000000000000000000000000000000000000000000000000
000000000000000000000000000000000000000000010000000000001000000000000000000000000000000000000000000000000000000000
000000000000000000000000000000000000000000010000000000010000000000000000000000000000000000000000000000000000000000
000000000000000000000000000000000000000000010000000001100000000000000000000000000000000000000000000000000000000000
000000000000000000000000000000000000000000010000000010000000000000000000000000000000000000000000000000000000000000
000000000000000000000000000000000000000000100000000100000000000000000000000000000000000000000000000000000000000000
000000000000000000000000000000000000000000100000011000000000000000000000000000000000000000000000000000000000000000
000000000000000000000000000000000000000000100001100000000000000000000000000000000000000000000000000000000000000000
000000000000000000000000000000000000000000111110000000000000000000000000000000000000000000000000000000000000000000
000000000000000000000000000000000000000000000000000000000000000000000000000000000000000000000000000000000000000000
000000000000000000000000000000000000000000000000000000000000000000000000000000000000000000000000000000000000000000
000000000000000000000000000000000000000000000000000000000000000000000000000000000000000000000000000000000000000000
000000000000000000000000000000000000000000000000000000000000000000000000000000000000000000000000000000000000000000
000000000000000000000000000000000000000000000000000000000000000000000000000000000000000000000000000000000000000000
000000000000000000000000000000000000000000000000000000000000000000000000000000000000000000000000000000000000000000
